min
temps=5200:4400
latlon=39.721516:-75.748779
speed=74
method=Auto
map=177.00,100;3.00,100;-6.00,0;-174.00,0;
